082736295057
082736283439
082736354146
082736525556
082736334546
082736475558
082736313360
011719283439
011719354146
011719525556
011719334546
011719475558
011719313360
011719435759
020415354146
020415525556
020415334546
020415475558
020415313360
020415435759
020415283260
102433525556
102433454656
102433475558
102433313360
102433435759
102433283260
102433464856
082549334546
082549475558
082549313360
082549435759
082549283260
082549464856
082549465057
051113475558
051113313360
051113435759
051113283260
051113464856
051113465057
051113404560
010624313360
010624435759
010624283260
010624464856
010624465057
010624404560
010624545960
142425435759
142425283260
142425464856
142425465057
142425404560
142425545960
142425254552
012032283260
012032464856
012032465057
012032404560
012032545960
012032254552
012032335558
172126464856
172126465057
172126404560
172126545960
172126254552
172126335558
172126434655
252733464856
252733465057
252733404560
252733545960
252733254552
252733345558
252733434655
011319404560
011319545960
011319254552
011319335558
011319434655
011319202852
011319375759
013138404560
013138545960
013138254552
013138335558
013138434655
013138202852
013138375759
030918254552
030918335558
030918434655
030918202852
030918375759
030918344959
030918253743
